maze1 = [
    [0,0,0,0,0,0,0,0,0,0],
    [0,1,1,1,1,1,1,1,1,0],
    [0,1,0,0,0,0,0,0,1,0],
    [0,1,0,1,1,1,2,0,1,0],
    [0,1,0,1,0,0,0,0,1,0],
    [0,1,0,1,1,1,1,1,1,0],
    [0,0,0,0,0,0,0,0,0,0],
]
maze2 = [
    [0,0,0,0,0,0,0,0,0,0],
    [0,1,1,1,1,1,1,0,1,0],
    [0,1,0,0,0,0,1,1,1,0],
    [0,1,0,1,1,1,0,0,1,0],
    [0,1,0,1,0,1,1,0,1,0],
    [0,1,0,1,2,0,1,1,1,0],
    [0,0,0,0,0,0,0,0,0,0],
]
maze3 = [
    [0,0,0,0,0,0,0,0,0,0],
    [0,1,1,1,1,0,2,1,0,0],
    [0,1,1,0,1,1,0,1,1,0],
    [0,0,1,0,0,1,1,0,1,0],
    [0,1,1,0,1,0,1,1,1,0],
    [0,1,0,1,1,1,1,1,0,0],
    [0,0,0,0,0,0,0,0,0,0]
]
last = [
    [1,1,1,1,1,1,1,1,1,1],
    [1,1,1,1,1,1,1,1,1,1],
    [1,1,1,1,1,1,1,1,1,1],
    [1,1,1,1,1,1,1,1,1,1],
    [1,1,1,1,1,1,1,1,1,1],
    [1,1,1,1,1,1,1,1,1,1],
    [1,1,1,1,1,1,1,1,1,1]
]
mazes = [maze1,maze2,maze3, last]

#pyinstaller -w -F
